1   1    0.000716623
1   2      0.0014326
1   3     0.00214712
1   4     0.00285902
1   5     0.00356664
1   6     0.00426766
1   7     0.00495896
1   8     0.00563649
1   9     0.00629522
1  10     0.00692909
1  11     0.00753106
1  12     0.00809324
1  13      0.0086071
1  14      0.0090638
1  15     0.00945463
1  16     0.00977144
1  17      0.0100072
1  18      0.0101565
1  19       0.010216
1  20      0.0101845
1  21      0.0100632
1  22     0.00985582
1  23     0.00956782
1  24      0.0092064
1  25     0.00877983
1  26     0.00829697
1  27     0.00776679
1  28     0.00719793
1  29      0.0065984
1  30     0.00597532
1  31     0.00533483
1  32     0.00468201
1  33      0.0040209
1  34     0.00335458
1  35     0.00268527
1  36     0.00201448
1  37     0.00134309
1  38    0.000671543
2   1     0.00143389
2   2     0.00286666
2   3     0.00429685
2   4     0.00572231
2   5     0.00713988
2   6     0.00854504
2   7     0.00993168
2   8      0.0112918
2   9      0.0126153
2  10      0.0138901
2  11      0.0151019
2  12      0.0162348
2  13      0.0172713
2  14      0.0181935
2  15      0.0189833
2  16      0.0196239
2  17      0.0201009
2  18      0.0204029
2  19      0.0205229
2  20      0.0204586
2  21      0.0202126
2  22      0.0197922
2  23      0.0192091
2  24       0.018478
2  25       0.017616
2  26      0.0166413
2  27      0.0155723
2  28      0.0144265
2  29      0.0132203
2  30      0.0119681
2  31       0.010682
2  32     0.00937231
2  33       0.008047
2  34     0.00671214
2  35     0.00537204
2  36     0.00402956
2  37     0.00268632
2  38     0.00134309
3   1     0.00215228
3   2     0.00430331
3   3     0.00645132
3   4     0.00859351
3   5      0.0107255
3   6       0.012841
3   7      0.0149309
3   8      0.0169836
3   9      0.0189841
3  10       0.020914
3  11      0.0227517
3  12      0.0244727
3  13        0.02605
3  14      0.0274555
3  15       0.028661
3  16      0.0296401
3  17      0.0303695
3  18      0.0308313
3  19      0.0310142
3  20      0.0309145
3  21      0.0305363
3  22      0.0298914
3  23      0.0289983
3  24      0.0278804
3  25      0.0265648
3  26      0.0250799
3  27      0.0234544
3  28      0.0217156
3  29      0.0198884
3  30      0.0179946
3  31      0.0160528
3  32      0.0140782
3  33      0.0120827
3  34      0.0100749
3  35     0.00806121
3  36     0.00604538
3  37     0.00402956
3  38     0.00201448
4   1     0.00287192
4   2     0.00574297
4   3     0.00861161
4   4      0.0114749
4   5      0.0143277
4   6      0.0171623
4   7      0.0199674
4   8      0.0227278
4   9      0.0254235
4  10      0.0280301
4  11      0.0305183
4  12      0.0328542
4  13      0.0350005
4  14      0.0369175
4  15      0.0385653
4  16      0.0399058
4  17      0.0409056
4  18      0.0415386
4  19      0.0417882
4  20      0.0416489
4  21      0.0411267
4  22      0.0402389
4  23      0.0390122
4  24      0.0374806
4  25      0.0356828
4  26      0.0336591
4  27        0.03145
4  28      0.0290932
4  29      0.0266229
4  30      0.0240691
4  31      0.0214564
4  32      0.0188051
4  33      0.0161305
4  34      0.0134437
4  35      0.0107525
4  36     0.00806121
4  37     0.00537204
4  38     0.00268527
5   1     0.00359241
5   2     0.00718505
5   3      0.0107773
5   4      0.0143667
5   5      0.0179482
5   6      0.0215132
5   7      0.0250487
5   8      0.0285364
5   9       0.031952
5  10      0.0352647
5  11      0.0384371
5  12      0.0414253
5  13      0.0441802
5  14      0.0466488
5  15      0.0487769
5  16      0.0505123
5  17      0.0518086
5  18      0.0526294
5  19      0.0529511
5  20       0.052766
5  21      0.0520827
5  22      0.0509253
5  23      0.0493311
5  24      0.0473472
5  25      0.0450265
5  26      0.0424239
5  27      0.0395932
5  28      0.0365841
5  29      0.0334411
5  30      0.0302023
5  31      0.0268988
5  32      0.0235553
5  33      0.0201904
5  34       0.016817
5  35      0.0134437
5  36      0.0100749
5  37     0.00671214
5  38     0.00335458
6   1     0.00431268
6   2     0.00862755
6   3      0.0129458
6   4      0.0172663
6   5      0.0215851
6   6      0.0258936
6   7      0.0301779
6   8      0.0344172
6   9      0.0385834
6  10      0.0426396
6  11        0.04654
6  12      0.0502298
6  13      0.0536463
6  14      0.0567206
6  15      0.0593811
6  16      0.0615577
6  17      0.0631872
6  18      0.0642191
6  19      0.0646209
6  20      0.0643815
6  21      0.0635128
6  22      0.0620484
6  23      0.0600396
6  24      0.0575505
6  25      0.0546521
6  26      0.0514169
6  27      0.0479147
6  28      0.0442089
6  29      0.0403552
6  30      0.0364001
6  31      0.0323811
6  32       0.028327
6  33      0.0242587
6  34      0.0201904
6  35      0.0161305
6  36      0.0120827
6  37       0.008047
6  38      0.0040209
7   1     0.00503076
7   2      0.0100667
7   3      0.0151119
7   4      0.0201678
7   5      0.0252323
7   6      0.0302983
7   7      0.0353519
7   8      0.0403712
7   9      0.0453248
7  10      0.0501704
7  11      0.0548535
7  12      0.0593077
7  13      0.0634545
7  14      0.0672062
7  15      0.0704693
7  16      0.0731502
7  17      0.0751634
7  18       0.076439
7  19      0.0769318
7  20      0.0766261
7  21      0.0755387
7  22      0.0737158
7  23      0.0712284
7  24      0.0681631
7  25      0.0646144
7  26       0.060677
7  27      0.0564397
7  28      0.0519817
7  29      0.0473707
7  30      0.0426619
7  31      0.0378986
7  32      0.0331128
7  33       0.028327
7  34      0.0235553
7  35      0.0188051
7  36      0.0140782
7  37     0.00937231
7  38     0.00468201
8   1     0.00574364
8   2      0.0114967
8   3      0.0172672
8   4      0.0230606
8   5      0.0288782
8   6      0.0347154
8   7      0.0405601
8   8      0.0463908
8   9      0.0521743
8  10      0.0578635
8  11       0.063396
8  12      0.0686928
8  13      0.0736579
8  14      0.0781805
8  15      0.0821395
8  16      0.0854106
8  17      0.0878769
8  18      0.0894418
8  19      0.0900411
8  20      0.0896527
8  21      0.0882998
8  22       0.086048
8  23      0.0829951
8  24      0.0792591
8  25      0.0749656
8  26       0.070237
8  27      0.0651853
8  28      0.0599075
8  29       0.054484
8  30      0.0489783
8  31      0.0434384
8  32      0.0378986
8  33      0.0323811
8  34      0.0268988
8  35      0.0214564
8  36      0.0160528
8  37       0.010682
8  38     0.00533483
9   1     0.00644713
9   2      0.0129092
9   3      0.0193996
9   4      0.0259293
9   5      0.0325043
9   6      0.0391249
9   7      0.0457824
9   8      0.0524578
9   9      0.0591179
9  10      0.0657132
9  11      0.0721743
9  12      0.0784096
9  13      0.0843036
9  14      0.0897185
9  15      0.0944977
9  16      0.0984757
9  17       0.101492
9  18        0.10341
9  19       0.104138
9  20       0.103644
9  21        0.10196
9  22      0.0991812
9  23      0.0954448
9  24      0.0909126
9  25      0.0857518
9  26      0.0801201
9  27       0.074157
9  28      0.0679791
9  29      0.0616795
9  30      0.0553289
9  31      0.0489783
9  32      0.0426619
9  33      0.0364001
9  34      0.0302023
9  35      0.0240691
9  36      0.0179946
9  37      0.0119681
9  38     0.00597532
10   1     0.00713571
10   2      0.0142932
10   3      0.0214929
10   4      0.0287525
10   5      0.0360851
10   6      0.0434973
10   7       0.050987
10   8      0.0585399
10   9      0.0661264
10  10      0.0736972
10  11      0.0811785
10  12      0.0884675
10  13      0.0954286
10  14       0.101892
10  15       0.107657
10  16       0.112502
10  17       0.116205
10  18       0.118569
10  19       0.119458
10  20       0.118823
10  21       0.116715
10  22       0.113272
10  23        0.10869
10  24       0.103195
10  25      0.0970089
10  26      0.0903346
10  27      0.0833434
10  28      0.0761723
10  29      0.0689259
10  30      0.0616795
10  31       0.054484
10  32      0.0473707
10  33      0.0403552
10  34      0.0334411
10  35      0.0266229
10  36      0.0198884
10  37      0.0132203
10  38      0.0065984
11   1     0.00780251
11   2       0.015635
11   3      0.0235264
11   4      0.0315027
11   5      0.0395861
11   6      0.0477923
11   7      0.0561282
11   8      0.0645884
11   9      0.0731507
11  10      0.0817708
11  11       0.090375
11  12      0.0988534
11  13       0.107051
11  14       0.114764
11  15       0.121736
11  16       0.127672
11  17       0.132257
11  18       0.135203
11  19       0.136301
11  20       0.135477
11  21       0.132807
11  22       0.128501
11  23       0.122849
11  24       0.116168
11  25       0.108754
11  26       0.100866
11  27      0.0927096
11  28       0.084441
11  29      0.0761723
11  30      0.0679791
11  31      0.0599075
11  32      0.0519817
11  33      0.0442089
11  34      0.0365841
11  35      0.0290932
11  36      0.0217156
11  37      0.0144265
11  38     0.00719793
12   1     0.00843929
12   2      0.0169181
12   3      0.0254748
12   4       0.034146
12   5      0.0429644
12   6      0.0519577
12   7      0.0611452
12   8      0.0705347
12   9      0.0801172
12  10        0.08986
12  11      0.0996975
12  12        0.10952
12  13       0.119159
12  14       0.128376
12  15       0.136853
12  16       0.144192
12  17       0.149948
12  18       0.153683
12  19       0.155068
12  20       0.153975
12  21       0.150533
12  22       0.145075
12  23       0.138039
12  24       0.129872
12  25       0.120975
12  26       0.111666
12  27       0.102188
12  28      0.0927096
12  29      0.0833434
12  30       0.074157
12  31      0.0651853
12  32      0.0564397
12  33      0.0479147
12  34      0.0395932
12  35        0.03145
12  36      0.0234544
12  37      0.0155723
12  38     0.00776679
13   1     0.00903659
13   2      0.0181231
13   3      0.0273088
13   4      0.0366419
13   5      0.0461679
13   6      0.0559287
13   7      0.0659601
13   8      0.0762881
13   9      0.0869235
13  10      0.0978546
13  11       0.109035
13  12       0.120369
13  13       0.131688
13  14        0.14273
13  15       0.153106
13  16       0.162296
13  17       0.169658
13  18       0.174515
13  19       0.176311
13  20       0.174823
13  21       0.170276
13  22       0.163228
13  23       0.154358
13  24       0.144309
13  25       0.133605
13  26       0.122636
13  27       0.111666
13  28       0.100866
13  29      0.0903346
13  30      0.0801201
13  31       0.070237
13  32       0.060677
13  33      0.0514169
13  34      0.0424239
13  35      0.0336591
13  36      0.0250799
13  37      0.0166413
13  38     0.00829697
14   1     0.00958398
14   2      0.0192289
14   3      0.0289956
14   4      0.0389448
14   5      0.0491365
14   6      0.0596292
14   7      0.0704785
14   8      0.0817339
14   9      0.0934342
14  10         0.1056
14  11        0.11822
14  12       0.131233
14  13       0.144496
14  14       0.157747
14  15       0.170546
14  16       0.182227
14  17       0.191875
14  18       0.198408
14  19       0.200839
14  20        0.19873
14  21       0.192521
14  22       0.183202
14  23       0.171856
14  24         0.1594
14  25       0.146503
14  26       0.133605
14  27       0.120975
14  28       0.108754
14  29      0.0970089
14  30      0.0857518
14  31      0.0749656
14  32      0.0646144
14  33      0.0546521
14  34      0.0450265
14  35      0.0356828
14  36      0.0265648
14  37       0.017616
14  38     0.00877983
15   1      0.0100704
15   2      0.0202129
15   3      0.0304999
15   4      0.0410052
15   5       0.051804
15   6      0.0629732
15   7      0.0745909
15   8      0.0867348
15   9      0.0994796
15  10        0.11289
15  11       0.127011
15  12       0.141845
15  13       0.157317
15  14       0.173217
15  15       0.189105
15  16       0.204191
15  17       0.217207
15  18       0.226402
15  19       0.229907
15  20       0.226736
15  21       0.217877
15  22       0.205202
15  23       0.190464
15  24       0.174932
15  25         0.1594
15  26       0.144309
15  27       0.129872
15  28       0.116168
15  29       0.103195
15  30      0.0909126
15  31      0.0792591
15  32      0.0681631
15  33      0.0575505
15  34      0.0473472
15  35      0.0374806
15  36      0.0278804
15  37       0.018478
15  38      0.0092064
16   1      0.0104849
16   2      0.0210523
16   3      0.0317859
16   4      0.0427721
16   5      0.0541012
16   6      0.0658688
16   7      0.0781769
16   8      0.0911348
16   9       0.104859
16  10       0.119471
16  11        0.13509
16  12       0.151819
16  13       0.169711
16  14       0.188697
16  15       0.208466
16  16       0.228225
16  17        0.24636
16  18       0.260085
16  19       0.265653
16  20       0.260429
16  21        0.24705
16  22       0.229266
16  23       0.209865
16  24       0.190464
16  25       0.171856
16  26       0.154358
16  27       0.138039
16  28       0.122849
16  29        0.10869
16  30      0.0954448
16  31      0.0829951
16  32      0.0712284
16  33      0.0600396
16  34      0.0493311
16  35      0.0390122
16  36      0.0289983
16  37      0.0192091
16  38     0.00956782
17   1      0.0108169
17   2      0.0217255
17   3      0.0328193
17   4       0.044196
17   5      0.0559598
17   6      0.0682238
17   7      0.0811131
17   8      0.0947686
17   9       0.109351
17  10       0.125044
17  11       0.142059
17  12       0.160632
17  13       0.181008
17  14       0.203396
17  15       0.227836
17  16       0.253883
17  17       0.279923
17  18       0.301924
17  19       0.312192
17  20       0.302276
17  21       0.280629
17  22       0.254947
17  23       0.229266
17  24       0.205202
17  25       0.183202
17  26       0.163228
17  27       0.145075
17  28       0.128501
17  29       0.113272
17  30      0.0991812
17  31       0.086048
17  32      0.0737158
17  33      0.0620484
17  34      0.0509253
17  35      0.0402389
17  36      0.0298914
17  37      0.0197922
17  38     0.00985582
18   1      0.0110573
18   2      0.0222134
18   3      0.0335697
18   4       0.045233
18   5      0.0573183
18   6      0.0699534
18   7      0.0832831
18   8      0.0974756
18   9       0.112732
18  10       0.129295
18  11        0.14747
18  12        0.16764
18  13       0.190294
18  14       0.216044
18  15       0.245598
18  16       0.279548
18  17       0.317525
18  18       0.355497
18  19       0.378914
18  20       0.355854
18  21       0.318241
18  22       0.280629
18  23        0.24705
18  24       0.217877
18  25       0.192521
18  26       0.170276
18  27       0.150533
18  28       0.132807
18  29       0.116715
18  30        0.10196
18  31      0.0882998
18  32      0.0755387
18  33      0.0635128
18  34      0.0520827
18  35      0.0411267
18  36      0.0305363
18  37      0.0202126
18  38      0.0100632
19   1      0.0111989
19   2      0.0225012
19   3      0.0340133
19   4      0.0458477
19   5      0.0581271
19   6      0.0709885
19   7      0.0845901
19   8      0.0991193
19   9       0.114805
19  10       0.131935
19  11       0.150886
19  12       0.172165
19  13       0.196485
19  14       0.224888
19  15       0.258965
19  16       0.301186
19  17       0.355132
19  18       0.423624
19  19       0.492114
19  20       0.423984
19  21       0.355854
19  22       0.302276
19  23       0.260429
19  24       0.226736
19  25        0.19873
19  26       0.174823
19  27       0.153975
19  28       0.135477
19  29       0.118823
19  30       0.103644
19  31      0.0896527
19  32      0.0766261
19  33      0.0643815
19  34       0.052766
19  35      0.0416489
19  36      0.0309145
19  37      0.0204586
19  38      0.0101845
20   1       0.011237
20   2      0.0225791
20   3      0.0341344
20   4      0.0460176
20   5      0.0583538
20   6      0.0712835
20   7      0.0849696
20   8      0.0996064
20   9       0.115433
20  10       0.132755
20  11       0.151975
20  12        0.17365
20  13       0.198591
20  14       0.228057
20  15       0.264188
20  16       0.311101
20  17       0.378191
20  18       0.491754
20  19       0.741934
20  20       0.492114
20  21       0.378914
20  22       0.312192
20  23       0.265653
20  24       0.229907
20  25       0.200839
20  26       0.176311
20  27       0.155068
20  28       0.136301
20  29       0.119458
20  30       0.104138
20  31      0.0900411
20  32      0.0769318
20  33      0.0646209
20  34      0.0529511
20  35      0.0417882
20  36      0.0310142
20  37      0.0205229
20  38       0.010216
21   1      0.0111702
21   2      0.0224439
21   3      0.0339278
21   4      0.0457345
21   5      0.0579868
21   6      0.0708221
21   7      0.0843985
21   8      0.0989036
21   9       0.114567
21  10       0.131676
21  11       0.150607
21  12       0.171869
21  13       0.196172
21  14       0.224562
21  15       0.258627
21  16        0.30084
21  17       0.354778
21  18       0.423266
21  19       0.491754
21  20       0.423624
21  21       0.355497
21  22       0.301924
21  23       0.260085
21  24       0.226402
21  25       0.198408
21  26       0.174515
21  27       0.153683
21  28       0.135203
21  29       0.118569
21  30        0.10341
21  31      0.0894418
21  32       0.076439
21  33      0.0642191
21  34      0.0526294
21  35      0.0415386
21  36      0.0308313
21  37      0.0204029
21  38      0.0101565
22   1      0.0109997
22   2      0.0220985
22   3      0.0333982
22   4      0.0450058
22   5       0.057037
22   6      0.0696195
22   7      0.0828986
22   8       0.097043
22   9       0.112254
22  10       0.128775
22  11       0.146911
22  12       0.167045
22  13       0.189667
22  14        0.21539
22  15       0.244921
22  16       0.278852
22  17       0.316815
22  18       0.354778
22  19       0.378191
22  20       0.355132
22  21       0.317525
22  22       0.279923
22  23        0.24636
22  24       0.217207
22  25       0.191875
22  26       0.169658
22  27       0.149948
22  28       0.132257
22  29       0.116205
22  30       0.101492
22  31      0.0878769
22  32      0.0751634
22  33      0.0631872
22  34      0.0518086
22  35      0.0409056
22  36      0.0303695
22  37      0.0201009
22  38      0.0100072
23   1      0.0107301
23   2      0.0215523
23   3      0.0325607
23   4      0.0438537
23   5      0.0555357
23   6      0.0677203
23   7      0.0805334
23   8      0.0941163
23   9        0.10863
23  10       0.124259
23  11       0.141215
23  12       0.159734
23  13       0.180063
23  14       0.202409
23  15       0.226814
23  16       0.252833
23  17       0.278852
23  18        0.30084
23  19       0.311101
23  20       0.301186
23  21       0.279548
23  22       0.253883
23  23       0.228225
23  24       0.204191
23  25       0.182227
23  26       0.162296
23  27       0.144192
23  28       0.127672
23  29       0.112502
23  30      0.0984757
23  31      0.0854106
23  32      0.0731502
23  33      0.0615577
23  34      0.0505123
23  35      0.0399058
23  36      0.0296401
23  37      0.0196239
23  38     0.00977144
24   1      0.0103683
24   2      0.0208198
24   3      0.0314388
24   4      0.0423124
24   5      0.0535317
24   6      0.0651928
24   7      0.0773985
24   8      0.0902588
24   9       0.103891
24  10       0.118416
24  11       0.133956
24  12       0.150613
24  13        0.16844
24  14       0.187371
24  15       0.207093
24  16       0.226814
24  17       0.244921
24  18       0.258627
24  19       0.264188
24  20       0.258965
24  21       0.245598
24  22       0.227836
24  23       0.208466
24  24       0.189105
24  25       0.170546
24  26       0.153106
24  27       0.136853
24  28       0.121736
24  29       0.107657
24  30      0.0944977
24  31      0.0821395
24  32      0.0704693
24  33      0.0593811
24  34      0.0487769
24  35      0.0385653
24  36       0.028661
24  37      0.0189833
24  38     0.00945463
25   1     0.00992346
25   2      0.0199197
25   3      0.0300623
25   4      0.0404256
25   5      0.0510858
25   6      0.0621207
25   7       0.073609
25   8      0.0856296
25   9      0.0982578
25  10        0.11156
25  11        0.12558
25  12       0.140323
25  13       0.155713
25  14       0.171542
25  15       0.187371
25  16       0.202409
25  17        0.21539
25  18       0.224562
25  19       0.228057
25  20       0.224888
25  21       0.216044
25  22       0.203396
25  23       0.188697
25  24       0.173217
25  25       0.157747
25  26        0.14273
25  27       0.128376
25  28       0.114764
25  29       0.101892
25  30      0.0897185
25  31      0.0781805
25  32      0.0672062
25  33      0.0567206
25  34      0.0466488
25  35      0.0369175
25  36      0.0274555
25  37      0.0181935
25  38      0.0090638
26   1     0.00940575
26   2      0.0188734
26   3      0.0284649
26   4      0.0382419
26   5      0.0482654
26   6       0.058595
26   7      0.0692873
26   8      0.0803928
26   9      0.0919513
26  10       0.103984
26  11       0.116482
26  12       0.129384
26  13       0.142549
26  14       0.155713
26  15        0.16844
26  16       0.180063
26  17       0.189667
26  18       0.196172
26  19       0.198591
26  20       0.196485
26  21       0.190294
26  22       0.181008
26  23       0.169711
26  24       0.157317
26  25       0.144496
26  26       0.131688
26  27       0.119159
26  28       0.107051
26  29      0.0954286
26  30      0.0843036
26  31      0.0736579
26  32      0.0634545
26  33      0.0536463
26  34      0.0441802
26  35      0.0350005
26  36        0.02605
26  37      0.0172713
26  38      0.0086071
27   1     0.00882613
27   2      0.0177033
27   3      0.0266821
27   4      0.0358116
27   5      0.0451388
27   6      0.0547067
27   7      0.0645523
27   8      0.0747028
27   9      0.0851704
27  10      0.0959444
27  11        0.10698
27  12       0.118182
27  13       0.129384
27  14       0.140323
27  15       0.150613
27  16       0.159734
27  17       0.167045
27  18       0.171869
27  19        0.17365
27  20       0.172165
27  21        0.16764
27  22       0.160632
27  23       0.151819
27  24       0.141845
27  25       0.131233
27  26       0.120369
27  27        0.10952
27  28      0.0988534
27  29      0.0884675
27  30      0.0784096
27  31      0.0686928
27  32      0.0593077
27  33      0.0502298
27  34      0.0414253
27  35      0.0328542
27  36      0.0244727
27  37      0.0162348
27  38     0.00809324
28   1     0.00819544
28   2      0.0164317
28   3      0.0247485
28   4      0.0331837
28   5      0.0417715
28   6      0.0505408
28   7      0.0595125
28   8      0.0686958
28   9       0.078083
28  10       0.087643
28  11      0.0973115
28  12        0.10698
28  13       0.116482
28  14        0.12558
28  15       0.133956
28  16       0.141215
28  17       0.146911
28  18       0.150607
28  19       0.151975
28  20       0.150886
28  21        0.14747
28  22       0.142059
28  23        0.13509
28  24       0.127011
28  25        0.11822
28  26       0.109035
28  27      0.0996975
28  28       0.090375
28  29      0.0811785
28  30      0.0721743
28  31       0.063396
28  32      0.0548535
28  33        0.04654
28  34      0.0384371
28  35      0.0305183
28  36      0.0227517
28  37      0.0151019
28  38     0.00753106
29   1     0.00752396
29   2      0.0150794
29   3      0.0226965
29   4      0.0304031
29   5      0.0382226
29   6      0.0461725
29   7      0.0542611
29   8      0.0624847
29   9      0.0708229
29  10      0.0792329
29  11       0.087643
29  12      0.0959444
29  13       0.103984
29  14        0.11156
29  15       0.118416
29  16       0.124259
29  17       0.128775
29  18       0.131676
29  19       0.132755
29  20       0.131935
29  21       0.129295
29  22       0.125044
29  23       0.119471
29  24        0.11289
29  25         0.1056
29  26      0.0978546
29  27        0.08986
29  28      0.0817708
29  29      0.0736972
29  30      0.0657132
29  31      0.0578635
29  32      0.0501704
29  33      0.0426396
29  34      0.0352647
29  35      0.0280301
29  36       0.020914
29  37      0.0138901
29  38     0.00692909
30   1     0.00682101
30   2      0.0136654
30   3      0.0205552
30   4      0.0275096
30   5      0.0345435
30   6      0.0416654
30   7      0.0488746
30   8      0.0561591
30   9       0.063491
30  10      0.0708229
30  11       0.078083
30  12      0.0851704
30  13      0.0919513
30  14      0.0982578
30  15       0.103891
30  16        0.10863
30  17       0.112254
30  18       0.114567
30  19       0.115433
30  20       0.114805
30  21       0.112732
30  22       0.109351
30  23       0.104859
30  24      0.0994796
30  25      0.0934342
30  26      0.0869235
30  27      0.0801172
30  28      0.0731507
30  29      0.0661264
30  30      0.0591179
30  31      0.0521743
30  32      0.0453248
30  33      0.0385834
30  34       0.031952
30  35      0.0254235
30  36      0.0189841
30  37      0.0126153
30  38     0.00629522
31   1     0.00609469
31   2       0.012206
31   3      0.0183491
31   4      0.0245366
31   5      0.0307765
31   6      0.0370708
31   7       0.043413
31   8      0.0497861
31   9      0.0561591
31  10      0.0624847
31  11      0.0686958
31  12      0.0747028
31  13      0.0803928
31  14      0.0856296
31  15      0.0902588
31  16      0.0941163
31  17       0.097043
31  18      0.0989036
31  19      0.0996064
31  20      0.0991193
31  21      0.0974756
31  22      0.0947686
31  23      0.0911348
31  24      0.0867348
31  25      0.0817339
31  26      0.0762881
31  27      0.0705347
31  28      0.0645884
31  29      0.0585399
31  30      0.0524578
31  31      0.0463908
31  32      0.0403712
31  33      0.0344172
31  34      0.0285364
31  35      0.0227278
31  36      0.0169836
31  37      0.0112918
31  38     0.00563649
32   1     0.00535178
32   2      0.0107147
32   3      0.0160988
32   4      0.0215111
32   5      0.0269551
32   6      0.0324282
32   7      0.0379206
32   8       0.043413
32   9      0.0488746
32  10      0.0542611
32  11      0.0595125
32  12      0.0645523
32  13      0.0692873
32  14       0.073609
32  15      0.0773985
32  16      0.0805334
32  17      0.0828986
32  18      0.0843985
32  19      0.0849696
32  20      0.0845901
32  21      0.0832831
32  22      0.0811131
32  23      0.0781769
32  24      0.0745909
32  25      0.0704785
32  26      0.0659601
32  27      0.0611452
32  28      0.0561282
32  29       0.050987
32  30      0.0457824
32  31      0.0405601
32  32      0.0353519
32  33      0.0301779
32  34      0.0250487
32  35      0.0199674
32  36      0.0149309
32  37     0.00993168
32  38     0.00495896
33   1      0.0045977
33   2     0.00920242
33   3        0.01382
33   4      0.0184541
33   5      0.0231046
33   6      0.0277664
33   7      0.0324282
33   8      0.0370708
33   9      0.0416654
33  10      0.0461725
33  11      0.0505408
33  12      0.0547067
33  13       0.058595
33  14      0.0621207
33  15      0.0651928
33  16      0.0677203
33  17      0.0696195
33  18      0.0708221
33  19      0.0712835
33  20      0.0709885
33  21      0.0699534
33  22      0.0682238
33  23      0.0658688
33  24      0.0629732
33  25      0.0596292
33  26      0.0559287
33  27      0.0519577
33  28      0.0477923
33  29      0.0434973
33  30      0.0391249
33  31      0.0347154
33  32      0.0302983
33  33      0.0258936
33  34      0.0215132
33  35      0.0171623
33  36       0.012841
33  37     0.00854504
33  38     0.00426766
34   1     0.00383659
34   2     0.00767721
34   3      0.0115249
34   4      0.0153807
34   5      0.0192426
34   6      0.0231046
34   7      0.0269551
34   8      0.0307765
34   9      0.0345435
34  10      0.0382226
34  11      0.0417715
34  12      0.0451388
34  13      0.0482654
34  14      0.0510858
34  15      0.0535317
34  16      0.0555357
34  17       0.057037
34  18      0.0579868
34  19      0.0583538
34  20      0.0581271
34  21      0.0573183
34  22      0.0559598
34  23      0.0541012
34  24       0.051804
34  25      0.0491365
34  26      0.0461679
34  27      0.0429644
34  28      0.0395861
34  29      0.0360851
34  30      0.0325043
34  31      0.0288782
34  32      0.0252323
34  33      0.0215851
34  34      0.0179482
34  35      0.0143277
34  36      0.0107255
34  37     0.00713988
34  38     0.00356664
35   1     0.00307145
35   2     0.00614492
35   3     0.00922162
35   4      0.0123012
35   5      0.0153807
35   6      0.0184541
35   7      0.0215111
35   8      0.0245366
35   9      0.0275096
35  10      0.0304031
35  11      0.0331837
35  12      0.0358116
35  13      0.0382419
35  14      0.0404256
35  15      0.0423124
35  16      0.0438537
35  17      0.0450058
35  18      0.0457345
35  19      0.0460176
35  20      0.0458477
35  21       0.045233
35  22       0.044196
35  23      0.0427721
35  24      0.0410052
35  25      0.0389448
35  26      0.0366419
35  27       0.034146
35  28      0.0315027
35  29      0.0287525
35  30      0.0259293
35  31      0.0230606
35  32      0.0201678
35  33      0.0172663
35  34      0.0143667
35  35      0.0114749
35  36     0.00859351
35  37     0.00572231
35  38     0.00285902
36   1     0.00230429
36   2      0.0046094
36   3     0.00691551
36   4     0.00922162
36   5      0.0115249
36   6        0.01382
36   7      0.0160988
36   8      0.0183491
36   9      0.0205552
36  10      0.0226965
36  11      0.0247485
36  12      0.0266821
36  13      0.0284649
36  14      0.0300623
36  15      0.0314388
36  16      0.0325607
36  17      0.0333982
36  18      0.0339278
36  19      0.0341344
36  20      0.0340133
36  21      0.0335697
36  22      0.0328193
36  23      0.0317859
36  24      0.0304999
36  25      0.0289956
36  26      0.0273088
36  27      0.0254748
36  28      0.0235264
36  29      0.0214929
36  30      0.0193996
36  31      0.0172672
36  32      0.0151119
36  33      0.0129458
36  34      0.0107773
36  35     0.00861161
36  36     0.00645132
36  37     0.00429685
36  38     0.00214712
37   1     0.00153633
37   2     0.00307286
37   3      0.0046094
37   4     0.00614492
37   5     0.00767721
37   6     0.00920242
37   7      0.0107147
37   8       0.012206
37   9      0.0136654
37  10      0.0150794
37  11      0.0164317
37  12      0.0177033
37  13      0.0188734
37  14      0.0199197
37  15      0.0208198
37  16      0.0215523
37  17      0.0220985
37  18      0.0224439
37  19      0.0225791
37  20      0.0225012
37  21      0.0222134
37  22      0.0217255
37  23      0.0210523
37  24      0.0202129
37  25      0.0192289
37  26      0.0181231
37  27      0.0169181
37  28       0.015635
37  29      0.0142932
37  30      0.0129092
37  31      0.0114967
37  32      0.0100667
37  33     0.00862755
37  34     0.00718505
37  35     0.00574297
37  36     0.00430331
37  37     0.00286666
37  38      0.0014326
38   1    0.000768165
38   2     0.00153633
38   3     0.00230429
38   4     0.00307145
38   5     0.00383659
38   6      0.0045977
38   7     0.00535178
38   8     0.00609469
38   9     0.00682101
38  10     0.00752396
38  11     0.00819544
38  12     0.00882613
38  13     0.00940575
38  14     0.00992346
38  15      0.0103683
38  16      0.0107301
38  17      0.0109997
38  18      0.0111702
38  19       0.011237
38  20      0.0111989
38  21      0.0110573
38  22      0.0108169
38  23      0.0104849
38  24      0.0100704
38  25     0.00958398
38  26     0.00903659
38  27     0.00843929
38  28     0.00780251
38  29     0.00713571
38  30     0.00644713
38  31     0.00574364
38  32     0.00503076
38  33     0.00431268
38  34     0.00359241
38  35     0.00287192
38  36     0.00215228
38  37     0.00143389
38  38    0.000716623
